0.000000000000000000e+00 1.000000000000000056e-01 1.921723241842982974e-02 8.631649504595417235e-05
0.000000000000000000e+00 2.000000000000000111e-01 1.750463170463961368e-02 9.314484450086462557e-05
0.000000000000000000e+00 2.999999999999999889e-01 1.612334337266774914e-02 5.915186267663330449e-05
0.000000000000000000e+00 4.000000000000000222e-01 1.208417537924400161e-02 6.435665048644004054e-05
0.000000000000000000e+00 5.000000000000000000e-01 7.592423778265300349e-03 8.227191721782191596e-05
0.000000000000000000e+00 5.999999999999999778e-01 4.069404629555083835e-03 7.266682381658099116e-05
0.000000000000000000e+00 6.999999999999999556e-01 1.548909508837859115e-04 5.420929945329051533e-05
0.000000000000000000e+00 8.000000000000000444e-01 -2.791241848948735824e-03 9.562129182794220782e-05
0.000000000000000000e+00 9.000000000000000222e-01 -3.078800724770802862e-03 4.789976842352210894e-05
0.000000000000000000e+00 1.000000000000000000e+00 8.517284255397017303e-05 6.827191354947032193e-05
1.000000000000000021e-03 1.000000000000000056e-01 2.018039999603827087e-02 8.333836146289049678e-05
1.000000000000000021e-03 2.000000000000000111e-01 1.829940590142362794e-02 9.983156764795041399e-05
1.000000000000000021e-03 2.999999999999999889e-01 1.541598404391735476e-02 6.422422810119553856e-05
1.000000000000000021e-03 4.000000000000000222e-01 1.160237723213373637e-02 7.422882931662898201e-05
1.000000000000000021e-03 5.000000000000000000e-01 7.288378740394281345e-03 6.891556775368834205e-05
1.000000000000000021e-03 5.999999999999999778e-01 3.921718843786888703e-03 3.393808857776523235e-05
1.000000000000000021e-03 6.999999999999999556e-01 4.758723668675412426e-04 4.158745063820305690e-05
1.000000000000000021e-03 8.000000000000000444e-01 -1.586086727287194017e-03 5.637343759068025458e-05
1.000000000000000021e-03 9.000000000000000222e-01 -2.428303711703448057e-03 6.293492902310848737e-05
1.000000000000000021e-03 1.000000000000000000e+00 -5.360633502300163144e-05 7.328480186465236707e-05
1.000000000000000021e-02 1.000000000000000056e-01 2.203151813946654242e-02 8.429946680917027146e-05
1.000000000000000021e-02 2.000000000000000111e-01 2.033630475094036147e-02 7.588271778546914006e-05
1.000000000000000021e-02 2.999999999999999889e-01 1.728762720537957084e-02 7.730397111281180306e-05
1.000000000000000021e-02 4.000000000000000222e-01 1.398454079697664110e-02 7.819745830976604383e-05
1.000000000000000021e-02 5.000000000000000000e-01 1.038137340516389999e-02 6.452749740876642507e-05
1.000000000000000021e-02 5.999999999999999778e-01 6.169001870273201939e-03 6.705105789084029341e-05
1.000000000000000021e-02 6.999999999999999556e-01 1.873150881069457485e-03 5.359419351796372718e-05
1.000000000000000021e-02 8.000000000000000444e-01 -8.603403694316712549e-04 7.235613996543864958e-05
1.000000000000000021e-02 9.000000000000000222e-01 -2.296821352163255694e-03 1.035739958869473498e-04
1.000000000000000021e-02 1.000000000000000000e+00 -1.568548730709153408e-04 5.187825971578558730e-05
1.000000000000000056e-01 1.000000000000000056e-01 3.346078032369183969e-02 7.189428837510553299e-05
1.000000000000000056e-01 2.000000000000000111e-01 3.126794319629155883e-02 6.931820281157046479e-05
1.000000000000000056e-01 2.999999999999999889e-01 2.778265045518286264e-02 9.588111384594757427e-05
1.000000000000000056e-01 4.000000000000000222e-01 2.392078545387882685e-02 6.339300474394768772e-05
1.000000000000000056e-01 5.000000000000000000e-01 1.929296440110404159e-02 9.005382353789640577e-05
1.000000000000000056e-01 5.999999999999999778e-01 1.502682346492821910e-02 5.776964350196613183e-05
1.000000000000000056e-01 6.999999999999999556e-01 9.865807953138891473e-03 6.161403553312162122e-05
1.000000000000000056e-01 8.000000000000000444e-01 5.190785914604638396e-03 6.713657605955299383e-05
1.000000000000000056e-01 9.000000000000000222e-01 1.676823689747786910e-03 6.882444343514192175e-05
1.000000000000000056e-01 1.000000000000000000e+00 9.209484371248793900e-05 8.390857845984149316e-05
2.000000000000000111e-01 1.000000000000000056e-01 3.596548617477880738e-02 7.088143678986392267e-05
2.000000000000000111e-01 2.000000000000000111e-01 3.386472517160420831e-02 7.424395044453829915e-05
2.000000000000000111e-01 2.999999999999999889e-01 3.116880702092498026e-02 7.910603606494399779e-05
2.000000000000000111e-01 4.000000000000000222e-01 2.656942777275184131e-02 7.745796147043308244e-05
2.000000000000000111e-01 5.000000000000000000e-01 2.235176943522124496e-02 6.613497565429232923e-05
2.000000000000000111e-01 5.999999999999999778e-01 1.718586548505979250e-02 8.092586747290358366e-05
2.000000000000000111e-01 6.999999999999999556e-01 1.249395250256379354e-02 9.012724927207688347e-05
2.000000000000000111e-01 8.000000000000000444e-01 7.644628796487710522e-03 7.183548732598383970e-05
2.000000000000000111e-01 9.000000000000000222e-01 3.024928283092891221e-03 6.145163157717059934e-05
2.000000000000000111e-01 1.000000000000000000e+00 6.513172259530543339e-05 7.144817920131186822e-05
