0.000000000000000000e+00 1.000000000000000056e-01 7.746769875393449967e-01 8.001864872024003433e-05
0.000000000000000000e+00 2.000000000000000111e-01 7.793931246821130809e-01 6.380157536595643857e-05
0.000000000000000000e+00 2.999999999999999889e-01 7.873853690027271535e-01 7.970589417572091742e-05
0.000000000000000000e+00 4.000000000000000222e-01 7.997218979806057781e-01 4.844372144752514392e-05
0.000000000000000000e+00 5.000000000000000000e-01 8.151376287983096436e-01 8.192227655493598099e-05
0.000000000000000000e+00 5.999999999999999778e-01 8.366496609093095893e-01 5.965953533054080038e-05
0.000000000000000000e+00 6.999999999999999556e-01 8.630886688277606966e-01 5.726965057175262801e-05
0.000000000000000000e+00 8.000000000000000444e-01 8.973749475195866854e-01 5.644259307674640426e-05
0.000000000000000000e+00 9.000000000000000222e-01 9.422471455215177816e-01 8.472999192879522730e-05
0.000000000000000000e+00 1.000000000000000000e+00 1.000155972768332679e+00 5.351957112413848806e-05
1.000000000000000021e-03 1.000000000000000056e-01 7.745232371731657350e-01 4.535369653971706275e-05
1.000000000000000021e-03 2.000000000000000111e-01 7.794862926690889759e-01 4.933606740359488879e-05
1.000000000000000021e-03 2.999999999999999889e-01 7.873496525091304710e-01 3.831621111174894926e-05
1.000000000000000021e-03 4.000000000000000222e-01 7.995900692882490501e-01 4.774298101957239181e-05
1.000000000000000021e-03 5.000000000000000000e-01 8.167491105485946701e-01 4.320307775036121608e-05
1.000000000000000021e-03 5.999999999999999778e-01 8.373307216403721442e-01 9.055873778208380802e-05
1.000000000000000021e-03 6.999999999999999556e-01 8.643144738299671781e-01 6.113629107144559754e-05
1.000000000000000021e-03 8.000000000000000444e-01 8.984637296990117816e-01 7.047702523830861807e-05
1.000000000000000021e-03 9.000000000000000222e-01 9.434061045083869113e-01 4.998834083597326504e-05
1.000000000000000021e-03 1.000000000000000000e+00 9.989266290546658933e-01 5.187965563428625102e-05
1.000000000000000021e-02 1.000000000000000056e-01 7.799472433566210228e-01 5.890809714774083289e-05
1.000000000000000021e-02 2.000000000000000111e-01 7.844716237044192519e-01 8.650216829585177531e-05
1.000000000000000021e-02 2.999999999999999889e-01 7.927326636877363164e-01 7.215405230128477728e-05
1.000000000000000021e-02 4.000000000000000222e-01 8.041713541990128666e-01 5.906610794161205592e-05
1.000000000000000021e-02 5.000000000000000000e-01 8.204226790695343663e-01 8.097900598326623542e-05
1.000000000000000021e-02 5.999999999999999778e-01 8.418484154273855324e-01 6.960427897043071973e-05
1.000000000000000021e-02 6.999999999999999556e-01 8.679792365250862396e-01 4.754515447952505097e-05
1.000000000000000021e-02 8.000000000000000444e-01 9.015791694007435630e-01 6.259607918614304347e-05
1.000000000000000021e-02 9.000000000000000222e-01 9.452347068273012631e-01 5.645993563053539884e-05
1.000000000000000021e-02 1.000000000000000000e+00 1.000501198403834779e+00 7.568787957743719345e-05
1.000000000000000056e-01 1.000000000000000056e-01 8.169015216736538187e-01 6.122155266826719141e-05
1.000000000000000056e-01 2.000000000000000111e-01 8.219334490584739861e-01 6.645434914217693224e-05
1.000000000000000056e-01 2.999999999999999889e-01 8.304026801763764176e-01 7.643855817073091062e-05
1.000000000000000056e-01 4.000000000000000222e-01 8.401357807289155932e-01 4.373118342294268589e-05
1.000000000000000056e-01 5.000000000000000000e-01 8.563652716526195530e-01 7.245637015586262508e-05
1.000000000000000056e-01 5.999999999999999778e-01 8.741791155029564608e-01 4.798350349594355092e-05
1.000000000000000056e-01 6.999999999999999556e-01 8.976046020873712505e-01 5.686315654363860786e-05
1.000000000000000056e-01 8.000000000000000444e-01 9.245815687808576211e-01 9.654303743211770864e-05
1.000000000000000056e-01 9.000000000000000222e-01 9.584378116839089579e-01 5.485852237920959320e-05
1.000000000000000056e-01 1.000000000000000000e+00 9.998228827112370931e-01 5.900632072796563348e-05
2.000000000000000111e-01 1.000000000000000056e-01 8.464029350372124227e-01 8.559759645057163184e-05
2.000000000000000111e-01 2.000000000000000111e-01 8.498386909163637704e-01 9.035190549920314165e-05
2.000000000000000111e-01 2.999999999999999889e-01 8.575569094526329650e-01 7.995845720659480456e-05
2.000000000000000111e-01 4.000000000000000222e-01 8.661155795151550540e-01 9.773581961107951136e-05
2.000000000000000111e-01 5.000000000000000000e-01 8.797989337934000176e-01 6.426056663386237413e-05
2.000000000000000111e-01 5.999999999999999778e-01 8.957039115531483242e-01 8.680553677357463770e-05
2.000000000000000111e-01 6.999999999999999556e-01 9.166217249820334256e-01 5.939047217867398038e-05
2.000000000000000111e-01 8.000000000000000444e-01 9.395094873409834957e-01 1.231091418189384726e-04
2.000000000000000111e-01 9.000000000000000222e-01 9.685360984840084564e-01 9.929866649484584199e-05
2.000000000000000111e-01 1.000000000000000000e+00 1.001153132008311797e+00 8.212666630386029106e-05
